11100001110010111001111110001110
11011101001111001111000111110101
11101111111001111101111111011111
11000111100011110000010100001101
01001000111000111011011101001110
01011101000101110001111010011100
00111100100000011001000111110110
10101111001111000101000000101010
00111010011101111000100100011010
01101110011001111111111010111100
00001111111000000111111100000011
11111000000100011101110010000111
11010111100011110000011111000111
11100100011110110101000100111100
10010111001010101001001010000001
00101110011001000010000111110001
10001100011111101111010011110110
11010100001011010011111001100100
01110101001000010111001011010101
01110011100101010111001101010101
01110010010101000001100101001001
01110010011000111110110111111101
01101111000101111010100100011101
10111010011101101110100111011010
10111001000001101111100011111101
00000011100001110100010101101011
01101110100111000100111111100010
01001010011111110000110001010000
10110101000011010111000011110001
00111000000000000000000000000000
xxxx
11101001111010111101111101101111
01110100111000111101010011111110
10011100011110010111011111101001
11000111111011110100111001011101
11110001110110111100111101101110
00110010100100101110010011000000
11011111000111111011111111110000
11101001111010111101111101101000
10111010011100001110111111000100
00011100100011101100001111100010
10111101111111000111000011100101
11100111110001110110111011111101
00111000111101111110001111010011
10110111100111110000101101110010
11011101111110010111000000111011
10100111000011101001110010111100
